4.999991923329097920e-01 -1.476149162313534768e-01 -2.627075856879294569e-01 2.627074311540020801e-01 -1.136072500115725692e-01 -1.136067328711576202e-01 -7.523095627849517297e-02 7.523137563085351143e-02 5.704361137560776812e-02 -5.704812777653406330e-02 -4.625425928220806837e-02 -4.625186374302452108e-02 -3.903138092603129078e-02 -3.902779376239377818e-02 -3.381615170956580457e-02 3.381434998754120902e-02 2.984946035380824092e-02 2.985032598947666080e-02 -2.671603481197979899e-02 -2.671694188645721418e-02 2.416616080660863655e-02 -2.416669831059594514e-02 2.204197574848222596e-02 -2.204213240235849969e-02 2.023823483846567614e-02 -2.023833184767348525e-02 -1.868244285973326077e-02 -1.868209392253273454e-02 1.732206971465025114e-02 -1.732166910302279303e-02 -1.611851885677275178e-02 1.611892327459084687e-02 -1.504414780911818121e-02 1.504374398573186250e-02 1.407520008024928243e-02 -1.407555233264369716e-02 -1.319584301901974115e-02 -1.319553803296362980e-02 1.239127408571310922e-02 1.239102948973712891e-02 1.165080777481782189e-02 1.165062049337844442e-02 -1.096532157526813357e-02 -1.096545566890234739e-02 -1.032773558320294015e-02 -1.032782325141103422e-02 9.731764094707327437e-03 -9.731717467964225501e-03 9.172113622722116028e-03 -9.172124523314759831e-03 -8.644565484654753718e-03 -8.644547160453656259e-03 8.145317784695569815e-03 -8.145359771673186741e-03 7.671248367856700265e-03 -7.671309042542999793e-03 7.219658642903040158e-03 -7.219583893819404678e-03 6.788012826789690916e-03 -6.787928052451184385e-03 -6.374275219186680518e-03 -6.374183811051464983e-03 5.976600541619043333e-03 5.976505379080808422e-03 5.593355381903108471e-03 5.593258870055788090e-03 5.223085899964569588e-03 -5.222990015151840991e-03 4.864397435431097767e-03 -4.864491097418931730e-03 4.516310363688240057e-03 -4.516400541909883562e-03 4.177755675112369664e-03 4.177669957551363895e-03 3.847594035885108007e-03 -3.847513511001300190e-03 -3.525035845992226073e-03 -3.524961040475153243e-03 3.209203807715771319e-03 -3.209272534466190915e-03 -2.899494432453697274e-03 2.899556855964153471e-03 -2.595138317576950286e-03 -2.595194319226660617e-03 -2.295486156318527794e-03 -2.295535697833861900e-03 1.999927333434627866e-03 1.999970434314757555e-03 1.707920781314732237e-03 -1.707884063312424972e-03 -1.418836548419611949e-03 -1.418806133980190110e-03 -1.132190343392970892e-03 -1.132166145631739729e-03 8.474732121743058571e-04 8.474551481356014382e-04 5.641905949790165797e-04 -5.641785946292953791e-04 2.818585246508483301e-04 -2.818525376160343435e-04
-1.476149162313534768e-01 4.999997617179480214e-01 1.636937150658526741e-01 1.636936719475571289e-01 -1.177272968941787956e-01 1.177271172478094180e-01 -9.810978983551195409e-02 -9.810983806808538932e-02 8.572355482016469352e-02 8.572375857138465893e-02 7.676446344784289277e-02 -7.676441290037083753e-02 -6.979858263130990503e-02 6.979841597289850041e-02 -6.413067597813128240e-02 -6.413059594329303947e-02 -5.937153556546434507e-02 5.937157048303864926e-02 5.528165168288571435e-02 -5.528167749544763560e-02 -5.170332811593753713e-02 -5.170334409797579245e-02 -4.852750061310275725e-02 -4.852750830156538075e-02 4.567569308707935399e-02 4.567569037938734589e-02 4.308962702807229983e-02 -4.308962290936382833e-02 -4.072490262735881800e-02 -4.072489701091659003e-02 -3.854693842344271426e-02 -3.854694385650758032e-02 3.652832834621198843e-02 3.652832313071093656e-02 3.464695294430198552e-02 3.464695618636572105e-02 3.288477144386085099e-02 -3.288477029283476405e-02 -3.122683828926011221e-02 3.122683978217256212e-02 -2.966066806755023738e-02 2.966067227972100581e-02 -2.817572223687237615e-02 2.817571532871167295e-02 -2.676300612390563119e-02 2.676299667514502392e-02 -2.541479747454246374e-02 -2.541480930431509050e-02 2.412445762504004595e-02 2.412444360105163443e-02 -2.288613750634095612e-02 2.288612153565912702e-02 -2.169473504787022486e-02 -2.169475271404423464e-02 -2.054579001591782389e-02 -2.054580911933761092e-02 1.943532121180068656e-02 1.943530093426725641e-02 1.835973559844394226e-02 1.835971440683854469e-02 -1.731586791040920503e-02 1.731584605878326577e-02 1.630085038738704820e-02 -1.630082812112559898e-02 1.531208802793622599e-02 -1.531206558200364810e-02 1.434722166296645111e-02 1.434719926066934173e-02 -1.340407451307936912e-02 -1.340409666090892904e-02 -1.248071454623680618e-02 -1.248073624165674592e-02 1.157531858289303009e-02 -1.157529752444700841e-02 1.068615706136446901e-02 1.068613681116327256e-02 -9.811683097649947019e-03 9.811663813709315188e-03 -8.950412996882674971e-03 -8.950431169826533057e-03 8.101008708853623189e-03 8.101025639178019086e-03 7.262153523873031251e-03 -7.262169092864881326e-03 6.432617855709933316e-03 -6.432631957339349574e-03 -5.611230635008824207e-03 5.611243175711894821e-03 4.796881773817066215e-03 4.796870875357191200e-03 -3.988469165162256830e-03 3.988459978219750617e-03 -3.184962065293655414e-03 3.184954647288455298e-03 2.385345902382538137e-03 -2.385340299048312705e-03 1.588628623739771336e-03 1.588624869250474837e-03 7.938348079546180209e-04 7.938329250369452212e-04
-2.627075856879294569e-01 1.636937150658526741e-01 2.005162483350912683e-01 -9.656705272532866972e-08 5.129517587702754622e-02 1.026160578147935348e-01 4.863542645607619314e-02 -7.296828084253176305e-02 -4.316617939438998491e-02 5.759824504351145069e-02 4.792642936937573789e-02 3.830346571657066573e-02 3.427474815551842524e-02 4.117579769458095534e-02 3.094844075698642907e-02 -3.614735923679605195e-02 -3.222712263954619072e-02 -2.816525432216411204e-02 2.906672738943141820e-02 2.580353718607241234e-02 -2.645240464519620430e-02 2.377295759595197955e-02 -2.424474239397475528e-02 2.200536766670037683e-02 -2.044970508228873343e-02 2.234875950436765804e-02 2.069736385530087860e-02 1.906721177513424209e-02 -1.924163073277501343e-02 1.782781537717135004e-02 1.670809578224726963e-02 -1.794507291966373000e-02 1.677982988639862422e-02 -1.568941605441285386e-02 -1.475675720551924801e-02 1.572422614731402296e-02 1.476115443253500463e-02 1.389794668236532006e-02 -1.387689228187040207e-02 -1.310295718661287634e-02 -1.306030832584604076e-02 -1.236348383446116660e-02 1.167257256791336649e-02 1.230226250382572724e-02 1.102435788593229479e-02 1.159517500740193593e-02 -1.093270003490333202e-02 1.041385359733935749e-02 -9.836792634520483483e-03 1.030948023514847815e-02 9.289499374112338004e-03 9.720957108749471789e-03 -9.163222844681448431e-03 8.768787310814570371e-03 -8.632904941333983256e-03 8.271878356097817769e-03 -7.796337044674553525e-03 8.127074158624089315e-03 -7.340016858285894168e-03 7.643170696431098900e-03 6.901016285197877735e-03 7.178944638746452903e-03 -6.477642576808463441e-03 -6.732407470138396244e-03 -6.068381532217452697e-03 -6.301792219856800804e-03 -5.671872243815764998e-03 5.885520537078131956e-03 -5.482175287541440033e-03 5.286885840781449519e-03 -5.090477594844462252e-03 4.912307491326568278e-03 -4.547121079596573578e-03 -4.709267484068179258e-03 -4.190396076946532357e-03 4.337487454148311952e-03 3.841276235505300396e-03 3.974168452822082059e-03 -3.618417823506009986e-03 3.498969789729747086e-03 3.269408878120054224e-03 -3.162740911130201057e-03 2.926371815627627597e-03 2.831902209380872740e-03 2.588585754590434860e-03 2.505808105487870602e-03 -2.255371688858078590e-03 -2.183848932275142454e-03 -1.865445639799912566e-03 1.926086206675834680e-03 1.550045001902385696e-03 1.600115839015393880e-03 1.237115234700491466e-03 1.276871922719227150e-03 -9.261419493313883568e-04 -9.557858798784281580e-04 -6.166243712690300293e-04 6.363048274798417800e-04 -3.080717633609047460e-04 3.178874406858479894e-04
2.627074311540020801e-01 1.636936719475571289e-01 -9.656705272532866972e-08 7.994845038350497646e-01 1.026160107778143482e-01 5.129589627056942158e-02 7.296767565499942543e-02 -4.863422945355470178e-02 -5.759668227310617283e-02 4.316005418686076622e-02 3.830183695427671203e-02 4.792559555468715871e-02 4.117707494656087930e-02 3.428018707297240952e-02 3.614797867092702649e-02 -3.095114278947294975e-02 -2.816657661260455262e-02 -3.222742369552072939e-02 2.580461539722997411e-02 2.906706946010949311e-02 -2.377342889621337010e-02 2.645262191839804072e-02 -2.200531681544745308e-02 2.424482212589637586e-02 -2.234874522688285944e-02 2.044932934888447212e-02 1.906659766802435221e-02 2.069724850085981685e-02 -1.782717224762772959e-02 1.924149166498563546e-02 1.794492715857941983e-02 -1.670748545042044855e-02 1.568885677512608587e-02 -1.677967733172762432e-02 -1.572408772537304752e-02 1.475629111615505730e-02 1.389756918425697450e-02 1.476102838775075581e-02 -1.310267279498263104e-02 -1.387678483356831992e-02 -1.236328372120621723e-02 -1.306021905993247530e-02 1.230219071085158176e-02 1.167244652254346461e-02 1.159511888389641067e-02 1.102429406299119952e-02 -1.041384135781871917e-02 1.093265835434633661e-02 -1.030945172050424380e-02 9.836822008777553611e-03 9.720939856048464375e-03 9.289560584991330208e-03 -8.768871945573476420e-03 9.163215243218976805e-03 -8.271979197950652882e-03 8.632905510675885005e-03 -8.127081453529657815e-03 7.796447911214613932e-03 -7.643183403480404044e-03 7.340132625242670218e-03 7.178961624946002262e-03 6.901132861129548671e-03 -6.732427729720940821e-03 -6.477756745222024160e-03 -6.301814869043507496e-03 -6.068490848339385020e-03 -5.885544805332426979e-03 5.671974931935250090e-03 -5.286980695776178144e-03 5.482200507457308386e-03 -4.912393788399981726e-03 5.090503192525610600e-03 -4.709292966799374404e-03 -4.547198486620212567e-03 -4.337512402288651141e-03 4.190464580604935305e-03 3.974192510903595994e-03 3.841336072732528216e-03 -3.499021385100420899e-03 3.618440691273813910e-03 3.162784822678734679e-03 -3.269430303313891617e-03 2.831939080820119158e-03 2.926391587493650925e-03 2.505838624586679067e-03 2.588603698290985449e-03 -2.183873794631494090e-03 -2.255387660508238572e-03 -1.926100089098190882e-03 1.865465517774219728e-03 1.600127538129567832e-03 1.550060518266557514e-03 1.276881364540355694e-03 1.237126940658963333e-03 -9.557930080731218440e-04 -9.261503067457264090e-04 -6.363096014405663454e-04 6.166297384580337031e-04 -3.178898341220144251e-04 3.080743849504987558e-04
-1.136072500115725692e-01 -1.177272968941787956e-01 5.129517587702754622e-02 1.026160107778143482e-01 9.416304816239438047e-01 -3.320298125253110889e-07 -4.344204011188231712e-02 1.085392333305258000e-02 3.524874374167513702e-02 -1.408392316781394843e-02 -1.491133877671631074e-02 -2.989583316182808925e-02 -2.605550328678750069e-02 -1.484115738763204170e-02 -2.313133794233266857e-02 1.440151917798703288e-02 1.381439104025695107e-02 2.081100547944965753e-02 -1.317718441780201498e-02 -1.891251811622418275e-02 1.253457870004838492e-02 -1.732183115179592239e-02 1.190812475972181407e-02 -1.596352539363402739e-02 1.478546181077246453e-02 -1.130753295416295039e-02 -1.073646089548791795e-02 -1.375030829614204073e-02 1.019569691601361627e-02 -1.283058345508882210e-02 -1.200553290880917133e-02 9.684321489395604846e-03 -9.200726028500375020e-03 1.125917453468707440e-02 1.057898330781114997e-02 -8.743022740519162950e-03 -8.309198618779269421e-03 -9.954980215259390600e-03 7.897305735268965801e-03 9.379114042104549909e-03 7.505483693492234418e-03 8.844804329202352391e-03 -8.346616139212859400e-03 -7.132005051033804208e-03 -7.880015403056810780e-03 -6.775278546717800401e-03 6.433849568074883306e-03 -7.441185846646714008e-03 7.026888538826341415e-03 -6.106391865893239131e-03 -6.634353581031327170e-03 -5.791698300006490642e-03 5.488671599715809653e-03 -6.261195639585889240e-03 5.196313254504275440e-03 -5.905346829733422280e-03 5.565003312441123111e-03 -4.913713633312465079e-03 5.238582320666496268e-03 -4.640042898286024162e-03 -4.924687240505905630e-03 -4.374542514438918908e-03 4.622079031737499205e-03 4.116517486827342420e-03 4.329652692953423615e-03 3.865329499055904054e-03 4.046417720926317844e-03 -3.620390717857089116e-03 3.381158249754687411e-03 -3.771481783422320211e-03 3.147129185223542479e-03 -3.504036988560456454e-03 3.243348264166111359e-03 2.917836160133832884e-03 2.988743462587440010e-03 -2.692843387340720148e-03 -2.739604880893986311e-03 -2.471743087871335412e-03 2.254152279000858593e-03 -2.495361948450930401e-03 -2.039709875096753968e-03 2.255484880321137042e-03 -1.828074057173716778e-03 -2.019479131120438965e-03 -1.618919876459766222e-03 -1.786880513629947624e-03 1.411937059057670040e-03 1.557250869350494627e-03 1.330174196634529996e-03 -1.206827983283034582e-03 -1.105253156610825488e-03 -1.003305803322585661e-03 -8.821058887754337817e-04 -8.010926960343629517e-04 6.603630773265383672e-04 5.999182095200894949e-04 4.396652166990834272e-04 -3.995176938103432739e-04 2.196600302106048452e-04 -1.996307953609927088e-04
-1.136067328711576202e-01 1.177271172478094180e-01 1.026160578147935348e-01 5.129589627056942158e-02 -3.320298125253110889e-07 5.836955278398295310e-02 1.084643732749594573e-02 -4.344234972344369200e-02 -1.408931097880836494e-02 3.524910510548924514e-02 2.989601098404886387e-02 1.491824816680871642e-02 1.484154024771036813e-02 2.605515399181694211e-02 1.440217275429740880e-02 -2.313114596892091798e-02 -2.081089172740767379e-02 -1.381492419985545263e-02 1.891239364867281642e-02 1.317693313828489053e-02 -1.732173752870511119e-02 1.253421775560965151e-02 -1.596346740231633504e-02 1.190786016476964339e-02 -1.130736329634333612e-02 1.478542957326589233e-02 1.375030597997219106e-02 1.073646649309764611e-02 -1.283059104412089153e-02 1.019572725084534788e-02 9.684352444277710345e-03 -1.200554611923989289e-02 1.125919370137912212e-02 -9.200760135856595606e-03 -8.743017803222234013e-03 1.057900238989802413e-02 9.954999486165646769e-03 8.309154404904229088e-03 -9.379131355179405605e-03 -7.897208067186268013e-03 -8.844819406882711843e-03 -7.505330755726752172e-03 7.131796388968676854e-03 8.346628777787594780e-03 6.775016306130404037e-03 7.880025740881682964e-03 -7.441193867970072144e-03 6.433535932343859010e-03 -6.106029955491701182e-03 7.026894270307687367e-03 5.791292916165717043e-03 6.634357280970786148e-03 -6.261197513484861865e-03 5.488227674870969908e-03 -5.905347081019154953e-03 5.195836000487627851e-03 -4.913208614220129257e-03 5.565002170330666555e-03 -4.639515779716426279e-03 5.238580007125764881e-03 4.373998888371662293e-03 4.924683952313133745e-03 -4.115962900139434263e-03 -4.622074953425008535e-03 -3.864769395743298478e-03 -4.329647995126620699e-03 -3.619830394392794561e-03 4.046412559863263488e-03 -3.771476301290712166e-03 3.380602819906758285e-03 -3.504031313769469507e-03 3.146583549496886466e-03 -2.917304987795431293e-03 -3.243342512713526336e-03 -2.692331093410756191e-03 2.988737738472604672e-03 2.471253817439112571e-03 2.739599276947019685e-03 -2.495356547372100560e-03 2.253689896363883852e-03 2.255479755416660119e-03 -2.039277952720786307e-03 2.019474346999478465e-03 1.827675866624184483e-03 1.786876126792088940e-03 1.618558380568017614e-03 -1.557246928733326766e-03 -1.411614905585564491e-03 -1.206547499564206280e-03 1.330170744082385210e-03 1.003068991839429136e-03 1.105250227277138845e-03 8.009012307341314757e-04 8.821035114571708531e-04 -5.997734329837447293e-04 -6.603612747405543512e-04 -3.994206148002464596e-04 4.396640056955660727e-04 -1.995820873505097068e-04 2.196594219357566029e-04
-7.523095627849517297e-02 -9.810978983551195409e-02 4.863542645607619314e-02 7.296767565499942543e-02 -4.344204011188231712e-02 1.084643732749594573e-02 9.670052529689018295e-01 -5.190619189260881863e-06 2.711139915053458263e-02 -4.505880305836990583e-03 -6.610507836956111896e-03 -2.320013600428476319e-02 -2.035713156852755890e-02 -7.604301467759775300e-03 -1.816982487343742764e-02 8.033755840867042725e-03 8.157568782872097468e-03 1.641919946563107774e-02 -8.108812813154385804e-03 -1.497634128688660714e-02 7.959936964348934829e-03 -1.375975951999804624e-02 7.752848811556227286e-03 -1.271512616466893147e-02 1.180462910553485567e-02 -7.512535282451283589e-03 -7.254222271650985834e-03 -1.100103388573484865e-02 6.987508626682553854e-03 -1.028417818137467021e-02 -9.638764612027658774e-03 6.718338149147179764e-03 -6.450471279205402010e-03 9.052958788920815666e-03 8.517446150678472869e-03 -6.186277814845981930e-03 -5.927169221771956195e-03 -8.024778512161141394e-03 5.673971520305839955e-03 7.568923908576957564e-03 5.427097784453377774e-03 7.144936264764235011e-03 -6.748717430544074782e-03 -5.186698494470844481e-03 -6.376838433066266132e-03 -4.952746935150074623e-03 4.725101942039734194e-03 -6.026404987215116908e-03 5.694954156101841858e-03 -4.503547769991307799e-03 -5.380374355495523911e-03 -4.287822435784982913e-03 4.077638193610169312e-03 -5.080842741492018304e-03 3.872693969103723887e-03 -4.794775416815500770e-03 4.520787674712628719e-03 -3.672684394515487397e-03 4.257661924942416319e-03 -3.477305979677192214e-03 -4.004321579828229623e-03 -3.286261025684804500e-03 3.759809636341230818e-03 3.099260037117728545e-03 3.523270995640654345e-03 2.916023238113026484e-03 3.293937754760511288e-03 -2.736281329761857707e-03 2.559775750113073896e-03 -3.071116892426690743e-03 2.386258590433121708e-03 -2.854179893026494857e-03 2.642553948574978724e-03 2.215492272473665054e-03 2.435714452921234653e-03 -2.047249073802920923e-03 -2.233178558132558559e-03 -1.881310545421651824e-03 1.717466866355636711e-03 -2.034499608089255108e-03 -1.555516163300450696e-03 1.839262298837686729e-03 -1.395263811706026931e-03 -1.647078442194965494e-03 -1.236521732194080297e-03 -1.457583230938578082e-03 1.079107690210524525e-03 1.270431920962057301e-03 1.085296859473564284e-03 -9.228446043877188299e-04 -9.018647991850903354e-04 -7.675598661173935319e-04 -7.198344471273663073e-04 -6.130846715672394953e-04 5.389142035997216470e-04 4.592533659996799605e-04 3.588200522558832517e-04 -3.059027991086733702e-04 1.792735664257578086e-04 -1.528716899527395067e-04
7.523137563085351143e-02 -9.810983806808538932e-02 -7.296828084253176305e-02 -4.863422945355470178e-02 1.085392333305258000e-02 -4.344234972344369200e-02 -5.190619189260881863e-06 3.299517461178964883e-02 4.500394374677043306e-03 -2.711172373117825760e-02 -2.320033942885498662e-02 -6.609147243022160667e-03 -7.603401688601894338e-03 -2.035707168827537161e-02 -8.033344746485022655e-03 1.816982544209678682e-02 1.641922739259183209e-02 8.157609547142851553e-03 -1.497635770147345662e-02 -8.108889559992451049e-03 1.375978339183040258e-02 -7.960218831059793707e-03 1.271516060622588512e-02 -7.753370017167046310e-03 7.513245553767543099e-03 -1.180467055436916664e-02 -1.100108537548844141e-02 -7.255151757513049297e-03 1.028423112673871979e-02 -6.988530852492683826e-03 -6.719412956422461322e-03 9.638817452090676571e-03 -9.053012087236397831e-03 6.451583269669668858e-03 6.187378328172859002e-03 -8.517497277148676146e-03 -8.024827783452542426e-03 -5.928244582272436045e-03 7.568970418621649883e-03 5.674998306856062803e-03 7.144979969362483599e-03 5.428064589477124904e-03 -5.187596682513972469e-03 -6.748758297887146040e-03 -4.953571711933465668e-03 -6.376876586246317188e-03 6.026440461210800549e-03 -4.725849703025344385e-03 4.504216855527303637e-03 -5.694986997526632448e-03 -4.288413814470285954e-03 -5.380404723665545112e-03 5.080870767043118609e-03 -4.078153771950159337e-03 4.794801228421802751e-03 -3.873136653894096101e-03 3.673058052797791625e-03 -4.520811413969892667e-03 3.477615087612714265e-03 -4.257683730080080546e-03 -3.286510421101688541e-03 -4.004341576868749621e-03 3.099454865341302271e-03 3.759827945365139777e-03 2.916168828124546600e-03 3.523287729783183050e-03 2.736383092238969719e-03 -3.293953019816982328e-03 3.071130786741514858e-03 -2.559839092633811597e-03 2.854192507465241890e-03 -2.386288844933624233e-03 2.215494639339003324e-03 2.642565366966215159e-03 2.047228568583794091e-03 -2.435724752101126826e-03 -1.881271956464886791e-03 -2.233187808185997485e-03 2.034507872702690998e-03 -1.717414720516242379e-03 -1.839269635533986261e-03 1.555454695483955317e-03 -1.647084902566993197e-03 -1.395196939254321478e-03 -1.457588860843255949e-03 -1.236453033107826581e-03 1.270436760708382358e-03 1.079040385002317430e-03 9.227815408602496128e-04 -1.085300943985253661e-03 -7.675035067599962710e-04 -9.018681581417214033e-04 -6.130370831987076675e-04 -7.198371050828141675e-04 4.592162115932697905e-04 5.389161800817421225e-04 3.058773312169849631e-04 -3.588213618415219677e-04 1.528587462178351830e-04 -1.792742188018472374e-04
5.704361137560776812e-02 8.572355482016469352e-02 -4.316617939438998491e-02 -5.759668227310617283e-02 3.524874374167513702e-02 -1.408931097880836494e-02 2.711139915053458263e-02 4.500394374677043306e-03 9.775443942236849981e-01 -2.181449553327984348e-06 2.401023912887891975e-03 1.932616910292396864e-02 1.703227182899347963e-02 3.762252793959050632e-03 1.525549863538667138e-02 -4.545554449632854647e-03 -4.986458010822229434e-03 -1.382541055321261439e-02 5.216543490845776052e-03 1.264104443507532878e-02 -5.312323636525723494e-03 1.163822529875992162e-02 -5.320284928857605192e-03 1.077395129948451047e-02 -1.001816333315732992e-02 5.269830703044265686e-03 5.180079465634304312e-03 9.349127745069719941e-03 -5.063845447839179781e-03 8.750695683462862001e-03 8.210577116241436768e-03 -4.929803205222810063e-03 4.783956291611838642e-03 -7.719235500359676941e-03 -7.269143658859776244e-03 4.630522587131443921e-03 4.472463699636951111e-03 6.854267914826053278e-03 -4.311893543342730853e-03 -6.469709762054857288e-03 -4.150311148349936780e-03 -6.111443770857922023e-03 5.776127494224486680e-03 3.988783364276937693e-03 5.460958714407469945e-03 3.828062422119850056e-03 -3.668672520665253959e-03 5.163567683468497926e-03 -4.881934220827314000e-03 3.510969638711697750e-03 4.614323384646039881e-03 3.355185595157879255e-03 -3.201461063466112204e-03 4.359235007365858290e-03 -3.049868602070520459e-03 4.115363529715039548e-03 -3.881565862574629360e-03 2.900430220295784501e-03 -3.656835415249027645e-03 2.753130548628378305e-03 3.440280920885023172e-03 2.607926584762238625e-03 -3.231109044965412708e-03 -2.464754981163307275e-03 -3.028610005849419196e-03 -2.323537613680777287e-03 -2.832145596741551460e-03 2.184185758591257031e-03 -2.046603244816852258e-03 2.641139143858492206e-03 -1.910688828354286436e-03 2.455067033997274193e-03 -2.273451521480377661e-03 -1.776337971087667755e-03 -2.095854583835903961e-03 1.643444168730426530e-03 1.921872640620864983e-03 1.511899926329965567e-03 -1.381597464977723242e-03 1.751131985733170825e-03 1.252429221308944043e-03 -1.583284811390951513e-03 1.124288185241008493e-03 1.418005723726301721e-03 9.970681128846901366e-04 1.254988667474005387e-03 -8.706636423852051783e-04 -1.093944191014659941e-03 -9.345969940816685386e-04 7.449703347255923680e-04 7.766837092348722379e-04 6.198846563420319557e-04 6.199508752292653361e-04 4.953039170004940907e-04 -4.641530659752389704e-04 -3.711261735392923085e-04 -3.090511432233402711e-04 2.472501076125710549e-04 -1.544106044451206447e-04 1.235748847030981271e-04
-5.704812777653406330e-02 8.572375857138465893e-02 5.759824504351145069e-02 4.316005418686076622e-02 -1.408392316781394843e-02 3.524910510548924514e-02 -4.505880305836990583e-03 -2.711172373117825760e-02 -2.181449553327984348e-06 2.245578073618181847e-02 1.932625343316003719e-02 2.400027181503163083e-03 3.762389489790175096e-03 1.703219709119439471e-02 4.544100407790608274e-03 -1.525546225240891757e-02 -1.382539398336681165e-02 -4.984927293461336069e-03 1.264102518466383301e-02 5.215382679188161619e-03 -1.163821337043842614e-02 5.311494434835467050e-03 -1.077394815856364332e-02 5.319774249875239627e-03 -5.269598271220893304e-03 1.001816674723940946e-02 9.349139403271648080e-03 5.180117749704779735e-03 -8.750710495750073023e-03 5.064074667046831839e-03 4.930175434234010910e-03 -8.210593950977257416e-03 7.719254504731733017e-03 -4.784439106047137791e-03 -4.631067015870092562e-03 7.269163092238454214e-03 6.854287773249453757e-03 4.473043116983398126e-03 -6.469729334380007642e-03 -4.312478034435607809e-03 -6.111462865722919365e-03 -4.150880743376690087e-03 3.989322198814200353e-03 5.776145943832793929e-03 3.828559308730093182e-03 5.460976460321529356e-03 -5.163584627949993795e-03 3.669118776764518884e-03 -3.511359410011905425e-03 4.881950284467331987e-03 3.355516219078690313e-03 4.614338568678093278e-03 -4.359249306634749646e-03 3.201731593489245790e-03 -4.115376947788383817e-03 3.050079705105585709e-03 -2.900584002375669861e-03 3.881578419912722327e-03 -2.753230156949871676e-03 3.656847138393847993e-03 2.607975912684505019e-03 3.440291836237582921e-03 -2.464758529874129869e-03 -3.231119181643989091e-03 -2.323500315497527453e-03 -3.028619394332992230e-03 -2.184112828771938870e-03 2.832154267962203129e-03 -2.641147128535445247e-03 2.046500056617541093e-03 -2.455074362098293855e-03 1.910560806576616210e-03 -1.776190505118925827e-03 -2.273458222008898581e-03 -1.643282535036118090e-03 2.095860684467953840e-03 1.511729224460125250e-03 1.921878167494823694e-03 -1.751136963345322275e-03 1.381422564243065454e-03 1.583289262470507011e-03 -1.252254714693783709e-03 1.418009669146401072e-03 1.124118350485634561e-03 1.254992126170795513e-03 9.969068795250050040e-04 -1.093947179930871696e-03 -8.705145641371724897e-04 -7.448365663666889217e-04 9.345995281211563321e-04 6.197689345690720122e-04 7.766858012270738860e-04 4.952085447466393099e-04 6.199525359013579066e-04 -3.710530075189189588e-04 -4.641543039321442514e-04 -2.472005484854614132e-04 3.090519649302899872e-04 -1.235498701494506277e-04 1.544110142187246908e-04
-4.625425928220806837e-02 7.676446344784289277e-02 4.792642936937573789e-02 3.830183695427671203e-02 -1.491133877671631074e-02 2.989601098404886387e-02 -6.610507836956111896e-03 -2.320033942885498662e-02 2.401023912887891975e-03 1.932625343316003719e-02 1.670170987765453793e-02 -7.826152047095017123e-07 1.463177199730346162e-03 1.476612857951993367e-02 2.387262535596396031e-03 -1.325962000334074582e-02 -1.204203295827899547e-02 -2.977641704403680405e-03 1.103005542796257205e-02 3.351931090012431370e-03 -1.017054590927615396e-02 3.581466921863388306e-03 -9.427747554893520232e-03 3.711891166969634448e-03 -3.772996496104664543e-03 8.776588702056088709e-03 8.198895353308236281e-03 3.784793543248562726e-03 -7.681121427191750679e-03 3.761083217183859573e-03 3.711546385584393870e-03 -7.212940209062219075e-03 6.786319828183183349e-03 -3.643117753331016461e-03 -3.560830639007472442e-03 6.394905700578193755e-03 6.033596953063919896e-03 3.468386874664759843e-03 -5.698243464545726077e-03 -3.368533979398805056e-03 -5.385429981385934060e-03 -3.263331517848203078e-03 3.154331788018553424e-03 5.092315954653264462e-03 3.042711189646136495e-03 4.816516482067780512e-03 -4.556011784430127193e-03 2.929363372036468838e-03 -2.814968415709186416e-03 4.309077754822597355e-03 2.700043459736203594e-03 4.074231874481869069e-03 -3.850190608997240953e-03 2.584979807587043082e-03 -3.635835625127372198e-03 2.470071733643627518e-03 -2.355537993656366819e-03 3.430186658505452423e-03 -2.241538217174315374e-03 3.232379550912304559e-03 2.128185628890287388e-03 3.041648339275759491e-03 -2.015556927115159328e-03 -2.857310532488345576e-03 -1.903699931963930957e-03 -2.678754916262090710e-03 -1.792639594687667768e-03 2.505431387146542493e-03 -2.336842421177001260e-03 1.682382725486738020e-03 -2.172535868761464855e-03 1.572921727459371515e-03 -1.464237556445570788e-03 -2.012098831888652507e-03 -1.356302071314670083e-03 1.855152428831257933e-03 1.249079907095568525e-03 1.701347290374369053e-03 -1.550359660988854865e-03 1.142529969089213808e-03 1.401888001959648595e-03 -1.036606625751305402e-03 1.255650011986861022e-03 9.312606623638757138e-04 1.111379995352382343e-03 8.264400435120434780e-04 -9.688265194505491949e-04 -7.220905228169223434e-04 -6.181561305440492256e-04 8.277503127463290864e-04 5.145795638384574036e-04 6.879223616748159553e-04 4.113024996522605926e-04 5.491221709204555015e-04 -3.082658470804386743e-04 -4.111361562213107783e-04 -2.054099522101066467e-04 2.737561425818015081e-04 -1.026747682839276334e-04 1.367779436240756420e-04
-4.625186374302452108e-02 -7.676441290037083753e-02 3.830346571657066573e-02 4.792559555468715871e-02 -2.989583316182808925e-02 1.491824816680871642e-02 -2.320013600428476319e-02 -6.609147243022160667e-03 1.932616910292396864e-02 2.400027181503163083e-03 -7.826152047095017123e-07 9.832983089780173991e-01 -1.476621492667905614e-02 -1.463256722612493082e-03 -1.325967565594092686e-02 2.387551126887270999e-03 2.977753515034002943e-03 1.204207137417880047e-02 -3.351584188720434579e-03 -1.103009237446800697e-02 3.581174653372980621e-03 -1.017057578151467530e-02 3.711763955856497554e-03 -9.427769807190311893e-03 8.776605021659607958e-03 -3.773019774216382696e-03 -3.784930503301018635e-03 -8.198904726151711592e-03 3.761279732847084851e-03 -7.681127296362840785e-03 -7.212943463695391418e-03 3.711772268705727709e-03 -3.643347748327944221e-03 6.786320474656286697e-03 6.394904999394488039e-03 -3.561050881735213988e-03 -3.468585679825944394e-03 -6.033595005856293852e-03 3.368706696262050576e-03 5.698240833190822141e-03 3.263474972071873231e-03 5.385426875617152151e-03 -5.092312559334854355e-03 -3.154445143059089827e-03 -4.816512899662771588e-03 -3.042794680650384720e-03 2.929418705728190769e-03 -4.556008137257152105e-03 4.309074147807248623e-03 -2.814997978449563631e-03 -4.074228351957866548e-03 -2.700049526288209999e-03 2.584965003175420696e-03 -3.850187214560855335e-03 2.470038742591186814e-03 -3.635832391931273326e-03 3.430183604065002289e-03 -2.355489385253358835e-03 3.232376684869849113e-03 -2.241476470333748569e-03 -3.041645668021225515e-03 -2.128113133200676670e-03 2.857308057671820254e-03 2.015475924269749790e-03 2.678752636051687404e-03 1.903612509124019475e-03 2.505429297144619229e-03 -1.792547682541516816e-03 1.682288099971036323e-03 -2.336840515139524538e-03 1.572826014260462861e-03 -2.172534139194214585e-03 2.012097270407023613e-03 1.464142235567001109e-03 1.855151026574171878e-03 -1.356208484604624247e-03 -1.701346038302095067e-03 -1.248989265245256143e-03 1.142443358336189211e-03 -1.550358550093673465e-03 -1.036525014962056930e-03 1.401887023465218365e-03 -9.311849097568045521e-04 -1.255649157506629875e-03 -8.263709029965088295e-04 -1.111379257028335260e-03 7.220286497458638757e-04 9.688258900631997739e-04 8.277497858057146799e-04 -6.181020868989066212e-04 -6.879219314949678319e-04 -5.145338227923941824e-04 -5.491218326793878600e-04 -4.112654495181055324e-04 4.111359060076354784e-04 3.082377945357823242e-04 2.737559774324492524e-04 -2.053911250232989501e-04 1.367778615489357989e-04 -1.026653171763383150e-04
-3.903138092603129078e-02 -6.979858263130990503e-02 3.427474815551842524e-02 4.117707494656087930e-02 -2.605550328678750069e-02 1.484154024771036813e-02 -2.035713156852755890e-02 -7.603401688601894338e-03 1.703227182899347963e-02 3.762389489790175096e-03 1.463177199730346162e-03 -1.476621492667905614e-02 9.869127728628759311e-01 -2.974945455760812111e-07 -1.177533795077562000e-02 9.685147715610268378e-04 1.625327171595444429e-03 1.071163112981592808e-02 -2.073062144095427078e-03 -9.825100873308928451e-03 2.377292056599796932e-03 -9.070299634429799043e-03 2.580057242732248981e-03 -8.416580190968274075e-03 7.842400774251495621e-03 -2.709665900706160254e-03 -2.785675054080379107e-03 -7.332108638784464935e-03 2.821803712950865777e-03 -6.874018762637548567e-03 -6.459202173427774571e-03 2.827965343713051936e-03 -2.811381708094284546e-03 6.080703187491465732e-03 5.733011529177513103e-03 -2.777398086156764815e-03 -2.730035320248159168e-03 -5.411695815618395959e-03 2.672341132600633551e-03 5.113146746378542142e-03 2.606653158176340523e-03 4.834389672321505460e-03 -4.572947666705282944e-03 -2.534777422785029852e-03 -4.326738640313659845e-03 -2.458119558715574603e-03 2.377780124433980392e-03 -4.093997377805359307e-03 3.873215445121396937e-03 -2.294624901581264823e-03 -3.663094422134644933e-03 -2.209337399056147087e-03 2.122458747891761786e-03 -3.462509111103052439e-03 2.034417847244995251e-03 -3.270478211839472887e-03 3.086140795462974373e-03 -1.945554645805158212e-03 2.908737250456841679e-03 -1.856138203580600093e-03 -2.737593718967536085e-03 -1.766380761441019298e-03 2.572109289265635257e-03 1.676448792165571508e-03 2.411745384606936871e-03 1.586471759077019445e-03 2.256016908409475257e-03 -1.496549076930723090e-03 1.406755679537472501e-03 -2.104484807416999361e-03 1.317146495058868624e-03 -1.956749786131539021e-03 1.812446961300999415e-03 1.227760060235265609e-03 1.671241288050015874e-03 -1.138621452307035393e-03 -1.532823622138926312e-03 -1.049744677181480620e-03 9.611346228711574197e-04 -1.396907308721662350e-03 -8.727886638657447044e-04 1.263225208254111637e-03 -7.846979843110159399e-04 -1.131527086105195467e-03 -6.968486743086967907e-04 -1.001577305154911996e-03 6.092226428436690053e-04 8.731527707383569033e-04 7.460410853633120355e-04 -5.217983826425005509e-04 -6.200388770678384428e-04 -4.345516157167542007e-04 -4.949502704287536865e-04 -3.474558432844527243e-04 3.705854733174169342e-04 2.604828199029651597e-04 2.467594557430566153e-04 -1.736029682151691677e-04 1.232906995935621113e-04 -8.678574922997569856e-05
-3.902779376239377818e-02 6.979841597289850041e-02 4.117579769458095534e-02 3.428018707297240952e-02 -1.484115738763204170e-02 2.605515399181694211e-02 -7.604301467759775300e-03 -2.035707168827537161e-02 3.762252793959050632e-03 1.703219709119439471e-02 1.476612857951993367e-02 -1.463256722612493082e-03 -2.974945455760812111e-07 1.308708479979928639e-02 9.690778747902573141e-04 -1.177523362900716360e-02 -1.071155013778504750e-02 -1.624476778611314660e-03 9.825028752133129623e-03 2.072579863408914418e-03 -9.070238248813063467e-03 2.376849048708101677e-03 -8.416528646332984906e-03 2.579615623901396638e-03 -2.709267567007736348e-03 7.842357015835554543e-03 7.332072833833479936e-03 2.785303402967013314e-03 -6.873988014615293497e-03 2.821527435904139930e-03 2.827782039489795587e-03 -6.459175479092483727e-03 6.080680271184356854e-03 -2.811277037761239495e-03 -2.777367235310376423e-03 5.732991255988893926e-03 5.411677926254769219e-03 2.730062989480800360e-03 -5.113130681268823058e-03 -2.672415363348924766e-03 -4.834375149767946439e-03 -2.606761402521613671e-03 2.534908642257782761e-03 4.572934443686966360e-03 2.458264379280478921e-03 4.326726550914679684e-03 -4.093986254545457608e-03 2.377930694575718443e-03 -2.294774798208233310e-03 3.873205143171905545e-03 2.209481693798880011e-03 3.663084850355093677e-03 -3.462500186453310990e-03 2.122593660151085148e-03 -3.270469865330236960e-03 2.034540647878245456e-03 -1.945663542755550826e-03 3.086132975129816849e-03 -1.856232170282599630e-03 2.908729914888591624e-03 1.766459396733320412e-03 2.737586833265207020e-03 -1.676512220485408588e-03 -2.572102825534796928e-03 -1.586520527216805920e-03 -2.411739320573539919e-03 -1.496584064117812861e-03 2.256011226357959327e-03 -2.104479493332566450e-03 1.406778019096787324e-03 -1.956744828986224129e-03 1.317157506583973995e-03 -1.227761191060252645e-03 -1.812442352546716692e-03 -1.138614226749474264e-03 1.671237021122226043e-03 1.049730652961257567e-03 1.532819692068680077e-03 -1.396903711833366243e-03 9.611153536733736983e-04 1.263221941898281294e-03 -8.727656671392407250e-04 1.131524148440151301e-03 7.846727137145452936e-04 1.001574694958899973e-03 6.968224961950245664e-04 -8.731504872561554002e-04 -6.091968163214030521e-04 -5.217740427707029090e-04 7.460391281790107985e-04 4.345297594962384291e-04 6.200372460000354866e-04 3.474373181248059856e-04 4.949489654458215327e-04 -2.604683144037350079e-04 -3.705844944707304485e-04 -1.735930048906785092e-04 2.467588031140247984e-04 -8.678067932923406633e-05 1.232903732573070819e-04
-3.381615170956580457e-02 -6.413067597813128240e-02 3.094844075698642907e-02 3.614797867092702649e-02 -2.313133794233266857e-02 1.440217275429740880e-02 -1.816982487343742764e-02 -8.033344746485022655e-03 1.525549863538667138e-02 4.544100407790608274e-03 2.387262535596396031e-03 -1.325967565594092686e-02 -1.177533795077562000e-02 9.690778747902573141e-04 9.893880409722007885e-01 5.180232387106409184e-07 6.786679930252313654e-04 9.666200521826177547e-03 -1.161214185504591545e-03 -8.876190821193693722e-03 1.506247905837897584e-03 -8.202234008765097242e-03 1.751790802798523653e-03 -7.617502975358573375e-03 7.103104752693853267e-03 -1.924065511050549945e-03 -2.041583746095506149e-03 -6.645287369712357672e-03 2.117506194286667386e-03 -6.233767990342801990e-03 -5.860677729144769636e-03 2.161542489255163530e-03 -2.180862352423852246e-03 5.519878223656310250e-03 5.206500366176902359e-03 -2.180839037499827850e-03 -2.165583874187341877e-03 -4.916623801384974179e-03 2.138250887184159430e-03 4.647051789595133334e-03 2.101297955579065763e-03 4.395146929857468750e-03 -4.158710890404802331e-03 -2.056651295930488933e-03 -3.935894002623657913e-03 -2.005833812192560437e-03 1.950057238273117648e-03 -3.725126667869796838e-03 3.525066448162280600e-03 -1.890291789653579827e-03 -3.334556847848304389e-03 -1.827318190139522701e-03 1.761767208763961217e-03 -3.152594856419920107e-03 1.694150357363672895e-03 -2.978305062963891147e-03 2.810918870378425506e-03 -1.624883570094368124e-03 2.649757647873970598e-03 -1.554305709683554077e-03 -2.494218960055718387e-03 -1.482693161274771087e-03 2.343765226827362273e-03 1.410271410056291273e-03 2.197914321250687975e-03 1.337224272575106071e-03 2.056231718511510216e-03 -1.263701312405362751e-03 1.189823829108886807e-03 -1.918323897847713051e-03 1.115689720674324908e-03 -1.783832762367474224e-03 1.652430890496157370e-03 1.041377452548480909e-03 1.523817470411773780e-03 -9.669493121262344058e-04 -1.397714797841835988e-03 -8.924540918020433880e-04 8.179293110618053369e-04 -1.273865240350648999e-03 -7.434030658250387899e-04 1.152028589127409002e-03 -6.688955759344650210e-04 -1.031979733318425007e-03 -5.944204873458635522e-04 -9.135066031661492067e-04 5.199859748800211541e-04 7.964083371130544538e-04 6.804936351504583831e-04 -4.455956829120357506e-04 -5.655792663810474017e-04 -3.712495347617316235e-04 -4.514887033090492349e-04 -2.969444362857046613e-04 3.380508589843584733e-04 2.226748951995636638e-04 2.250989059915233588e-04 -1.484335741511699194e-04 1.124691584645790883e-04 -7.421179392861859225e-05
