5.000000509424775696e-01 -1.476147991239062929e-01 -2.627073528139768355e-01 -2.627073731443410609e-01 1.136065947938492277e-01 -1.136064241776927192e-01 7.523631254504858923e-02 -7.523684159929794335e-02 5.704381404175729031e-02 5.704349960337697090e-02 -4.624941860719609943e-02 -4.624952062659057339e-02 -3.902671062497959503e-02 3.902659954759921807e-02 -3.381375894420675376e-02 3.381373225074653377e-02 -2.984961902362917932e-02 2.984958154792402910e-02 -2.671706384039301482e-02 2.671700343978800768e-02 -2.416748038046969554e-02 -2.416755842694020065e-02 2.204337480465646051e-02 2.204345958824689353e-02 2.023966699249123841e-02 2.023974298048790074e-02 1.868357611558408085e-02 -1.868363563942686267e-02 -1.732300403139419576e-02 1.732304420565181427e-02 1.611965177257538087e-02 1.611963087328132510e-02 1.504461245033934975e-02 1.504461570406633725e-02 -1.407578816199408535e-02 -1.407579978126692957e-02 -1.319586452966836285e-02 -1.319588807669799108e-02 1.239114843851212532e-02 1.239111607064779380e-02 1.165054051973758199e-02 1.165050231401963850e-02 -1.096507746769407286e-02 -1.096503608646470437e-02 1.032732125045141697e-02 -1.032736346606872614e-02 -9.731251279536957607e-03 9.731210196015929736e-03 9.171584839031451941e-03 9.171546494466404492e-03 -8.644003157302628318e-03 -8.643968779698479529e-03 -8.144789073395483636e-03 -8.144759568863377958e-03 7.670751290047852881e-03 7.670727268329312343e-03 7.219131397546976400e-03 -7.219113205339216209e-03 6.787529889099253901e-03 -6.787517645285937387e-03 -6.373846759459581880e-03 6.373840389181497333e-03 5.976233411978438409e-03 5.976232678294645870e-03 5.593053413389803032e-03 -5.593057946325862527e-03 5.222850229364833785e-03 -5.222859552183710050e-03 -4.864320509816191969e-03 4.864334062786771981e-03 -4.516291817290424976e-03 4.516308979200006797e-03 4.177703936085075398e-03 4.177724043423128655e-03 3.847593082670654457e-03 -3.847615447119509362e-03 -3.525078480571000594e-03 -3.525102404594996838e-03 3.209375660814191115e-03 -3.209350869888428787e-03 -2.899687588757055880e-03 2.899662606269197071e-03 2.595319069213305237e-03 -2.595343596403724105e-03 2.295694614527270250e-03 -2.295671151160489070e-03 2.000130477049623032e-03 -2.000108639055204595e-03 -1.708074037592902279e-03 1.708054332001648044e-03 -1.418975891063863157e-03 1.418958763982370100e-03 -1.132309589216184053e-03 -1.132295420419694026e-03 8.475672547902899116e-04 8.475563532997582245e-04 5.642555112145036149e-04 5.642481118006848623e-04 -2.818916543614282582e-04 2.818879149567396925e-04
-1.476147991239062929e-01 5.000000161494256856e-01 1.636936215239832848e-01 -1.636936247513419429e-01 -1.177273574513990340e-01 -1.177273559198961650e-01 -9.810978535153189184e-02 -9.810975023256732208e-02 -8.572408257161796830e-02 8.572410167175398277e-02 7.676460996410755522e-02 -7.676461589622303461e-02 -6.979852863347490999e-02 -6.979851639770777438e-02 -6.413056802794085687e-02 -6.413054830466514977e-02 5.937138785506956146e-02 5.937139726785110178e-02 5.528144351802920242e-02 5.528144353570797059e-02 -5.170307128759277226e-02 5.170307654829073979e-02 4.852721240668852326e-02 -4.852722107381164662e-02 4.567538809467113631e-02 -4.567539799913807042e-02 4.308932353879722094e-02 4.308933357775149992e-02 -4.072461339705348016e-02 -4.072462303376028769e-02 -3.854668909764211865e-02 3.854668011242173842e-02 3.652809824027147129e-02 -3.652810638115283615e-02 3.464677399106113470e-02 -3.464676668010532867e-02 3.288463301474596479e-02 -3.288462664962120419e-02 3.122674079480668510e-02 -3.122674619977382215e-02 2.966061870006791654e-02 -2.966062314930324392e-02 -2.817571364691271243e-02 2.817571714847925610e-02 -2.676304376776083432e-02 -2.676304117620335876e-02 -2.541488587169348987e-02 -2.541488760684280229e-02 2.412457298768550321e-02 -2.412457393439939105e-02 -2.288628851932353325e-02 2.288628874884991379e-02 -2.169493590385108278e-02 2.169493548987093748e-02 2.054602078953659747e-02 -2.054601980682232987e-02 1.943555752720813393e-02 1.943555605022096594e-02 1.835999265317463797e-02 1.835999075486173873e-02 -1.731614178497645554e-02 -1.731613953583738263e-02 1.630113719541971193e-02 -1.630113466283985083e-02 1.531238395471213459e-02 1.531238120253083576e-02 1.434752299694987653e-02 1.434752008520415872e-02 -1.340439981950821910e-02 -1.340439680433984891e-02 -1.248103779229154352e-02 -1.248103472587942450e-02 1.157561525989227874e-02 -1.157561219053438589e-02 1.068644577988000013e-02 1.068644275205762710e-02 -9.811960964790068795e-03 9.811958019252681878e-03 -8.950692667457902860e-03 -8.950695493569211375e-03 8.101271262442361412e-03 8.101273935481980923e-03 7.262399091353455294e-03 7.262396601630237772e-03 -6.432839326323653087e-03 -6.432841605791362292e-03 -5.611428598067418408e-03 -5.611430643560310662e-03 4.797043663923194166e-03 4.797045454865922487e-03 3.988606160774220769e-03 3.988607679661160602e-03 3.185073029159287035e-03 -3.185074261505855577e-03 -2.385429923459500817e-03 2.385430857743821732e-03 -1.588685018060964019e-03 1.588685645680277094e-03 7.938631192320759391e-04 7.938634344654558117e-04
-2.627073528139768355e-01 1.636936215239832848e-01 2.005160663900686091e-01 -7.226204921526143394e-09 -1.026157684303367901e-01 5.129529867118540198e-02 -7.296991928786469850e-02 4.862550555672148084e-02 -5.759738219636685586e-02 -4.317275748745272312e-02 4.792496651061592394e-02 3.831068537633159493e-02 3.428103675025891833e-02 -4.117522682552653829e-02 3.094944432721969882e-02 -3.614676855276550971e-02 3.222679650895329817e-02 -2.816317042446732366e-02 2.906679502763103579e-02 -2.580026782041139680e-02 2.376917868606799253e-02 2.645270705032854580e-02 -2.200167057809793505e-02 -2.424517388264248174e-02 -2.044649104599708875e-02 -2.234924850879069919e-02 -1.906464806145679106e-02 2.069783549803337619e-02 1.782603711108598013e-02 -1.924206926218724814e-02 -1.794545107833768471e-02 -1.670708655624803668e-02 -1.568909298730251575e-02 -1.678012692570248626e-02 1.572444181360320090e-02 1.475703397377085661e-02 1.476128595509224560e-02 1.389870345301338038e-02 -1.310408233953546699e-02 -1.387694635729426126e-02 -1.236486628929115740e-02 -1.306029241355028021e-02 1.167411142461134525e-02 1.230218631820262712e-02 -1.159504902332425015e-02 1.102596390404375799e-02 1.041545113897160944e-02 -1.093253543557806337e-02 -9.838319176406141314e-03 -1.030928800258218772e-02 9.290904617925267381e-03 9.720747283920779316e-03 8.770032925157614234e-03 9.163004671599580403e-03 -8.272936891778473814e-03 -8.632686586978532278e-03 -7.797190794017022121e-03 8.126862550819504913e-03 -7.340656790235167324e-03 7.642971523483170146e-03 6.901440976909005084e-03 -7.178762377476622866e-03 -6.477857114759450266e-03 -6.732245404414477150e-03 -6.068396491205677902e-03 6.301652511887092210e-03 -5.671702723985345453e-03 5.885404318352471451e-03 5.286550568295928648e-03 -5.482082763943460675e-03 4.911827986115224753e-03 -5.090408161475436580e-03 -4.546520886662035535e-03 -4.709219843853537993e-03 -4.189700065582632402e-03 4.337459740445757765e-03 3.840509959991334453e-03 3.974158350595417485e-03 -3.618422687441183883e-03 3.498158909143705107e-03 3.269425846668503818e-03 -3.161910666945132349e-03 -2.831076957223508002e-03 2.926397919142129014e-03 -2.588618016511090667e-03 2.505010898405591897e-03 -2.255407218872692177e-03 2.183101152817393947e-03 1.926122285178097013e-03 -1.864766678677494318e-03 1.600149992166676870e-03 -1.549451981169258120e-03 1.276901987635160494e-03 1.236622773657079528e-03 -9.558100595809088627e-04 -9.257619717733771422e-04 -6.363217351753958431e-04 -6.163659523452572455e-04 3.178961331008874828e-04 -3.079410162834895831e-04
-2.627073731443410609e-01 -1.636936247513419429e-01 -7.226204921526143394e-09 7.994838707497879948e-01 5.129496908602912408e-02 -1.026157407217763023e-01 4.862652155144639443e-02 -7.297006664850791413e-02 4.317273593006807492e-02 5.759721899739243117e-02 -3.831038412135603921e-02 -4.792505232966627615e-02 -4.117532733147223623e-02 3.428073710318888662e-02 -3.614684647816083368e-02 3.094908009105019897e-02 -2.816301494911577219e-02 3.222681467606084565e-02 -2.580031608395195672e-02 2.906677255253331191e-02 -2.645265756235874385e-02 -2.376933007981666540e-02 2.424511260085476447e-02 2.200185132393590870e-02 2.234918862944302795e-02 2.044666822329508499e-02 2.069778467037622013e-02 -1.906479944826436346e-02 -1.924203125656867575e-02 1.782615057806706538e-02 1.670715749685651799e-02 1.794542705630736840e-02 1.678011635163977402e-02 1.568912294955935802e-02 -1.475702613439751690e-02 -1.572444326094176240e-02 -1.389866441069554683e-02 -1.476129740821681413e-02 1.387696558798152437e-02 1.310401896340173192e-02 1.306031718459296602e-02 1.236478558942709534e-02 -1.230221455302109648e-02 -1.167402016424511774e-02 1.102586812857122428e-02 -1.159507886042131924e-02 -1.093256527816316263e-02 1.041535609151716252e-02 1.030931652048903621e-02 9.838229214325680885e-03 -9.720773425429932862e-03 -9.290823268378371746e-03 -9.163027636315662292e-03 -8.769962884761662442e-03 8.632705806541379756e-03 8.272880090340422460e-03 8.126877665036610215e-03 -7.797148464879099031e-03 7.642982355027211176e-03 -7.340629544308022690e-03 -7.178768906895865130e-03 6.901428878017894751e-03 6.732247746318115178e-03 6.477859754281910243e-03 6.301650892598275461e-03 -6.068413060388398207e-03 5.885399055254226033e-03 -5.671732083034014202e-03 -5.482074246484173324e-03 5.286591311496720118e-03 -5.090396833821294632e-03 4.911878502566437849e-03 4.709206189149803962e-03 4.546579416657816133e-03 4.337444266502682964e-03 -4.189764752293503002e-03 -3.974141577054376116e-03 -3.840578896731480178e-03 3.498230182307667403e-03 -3.618405134165901364e-03 -3.161982394776369394e-03 3.269408023437883268e-03 2.926380316456114478e-03 -2.831147324555987558e-03 2.505078187585682657e-03 -2.588601097475244292e-03 2.183163770986219863e-03 -2.255391412087131165e-03 -1.864823181589788390e-03 1.926107978550365340e-03 -1.549501093717624159e-03 1.600137527646018415e-03 -1.236663407223201382e-03 -1.276891656774097614e-03 9.257932385291688061e-04 9.558020999002798425e-04 6.163871765898544259e-04 6.363163272891014712e-04 -3.079517428886116223e-04 3.178933985858464848e-04
1.136065947938492277e-01 -1.177273574513990340e-01 -1.026157684303367901e-01 5.129496908602912408e-02 5.836941378828562621e-02 1.281384490312856846e-07 4.344266060429470555e-02 -1.084754270298273100e-02 3.524908453173274808e-02 1.407514687770220797e-02 -2.989576884439637885e-02 -1.491342880392359030e-02 -1.484633865118697819e-02 2.605505593420802402e-02 -1.440880343247973733e-02 2.313098801623363066e-02 -2.081078519247477401e-02 1.382108925993344450e-02 -1.891239121368235021e-02 1.318188489754905553e-02 -1.253738160494718631e-02 -1.732180654803774228e-02 1.190928224652219695e-02 1.596358188766405090e-02 1.130734488687883642e-02 1.478557005564209992e-02 1.073531232702710017e-02 -1.375045028235429879e-02 -1.019384220027906053e-02 1.283073341113447931e-02 1.200567755351767546e-02 9.682034490643557853e-03 9.198241019637816776e-03 1.125930695356919253e-02 -1.057909618520650082e-02 -8.740502261768662989e-03 -9.955071972068388689e-03 -8.306778920003339908e-03 7.895077289881926100e-03 9.379183552564063220e-03 7.503510146488710612e-03 8.844852682154976872e-03 -7.130324204344797544e-03 -8.346645278469738347e-03 7.880027940716660337e-03 -6.773908688845408158e-03 -6.432793071893722764e-03 7.441184554507975987e-03 6.105639628547287513e-03 7.026876264147918424e-03 -5.791233343617555214e-03 -6.634333199584866066e-03 -5.488471067909095856e-03 -6.261169811241284675e-03 5.196350617463913954e-03 5.905317955598950869e-03 4.913960407714695541e-03 -5.564973505138733761e-03 4.640469837574332304e-03 -5.238553364441308688e-03 -4.375120515410289672e-03 4.924660574699285531e-03 4.117218335190408161e-03 4.622055762571961220e-03 3.866126366611849063e-03 -4.329633607248353430e-03 3.621258499186692445e-03 -4.046403307508778489e-03 -3.382073771277485218e-03 3.771472259967960892e-03 -3.148071312899665929e-03 3.504032332005028311e-03 2.918785833249968285e-03 3.243348243766866999e-03 2.693783588927241984e-03 -2.988747673702423207e-03 -2.472658773645594176e-03 -2.739612779197270285e-03 2.495372883863401347e-03 -2.255030276570291724e-03 -2.255498129746623046e-03 2.040538761400688753e-03 1.828844024055241782e-03 -2.019493929693125678e-03 1.786896084053543696e-03 -1.619622591029386055e-03 1.557266449039703933e-03 -1.412565524878931509e-03 -1.330189062387791181e-03 1.207376406913366089e-03 -1.105266646593100607e-03 1.003769470187203684e-03 -8.821174216414416755e-04 -8.014678587485382514e-04 6.603721683753927289e-04 6.002019911520362809e-04 4.396714908936274905e-04 3.997080082290686604e-04 -2.196632320056582702e-04 1.997262865226613962e-04
-1.136064241776927192e-01 -1.177273559198961650e-01 5.129529867118540198e-02 -1.026157407217763023e-01 1.281384490312856846e-07 9.416305962063774571e-01 1.084720134754399955e-02 -4.344267258990833214e-02 1.407429709527593421e-02 3.524903332470146616e-02 -1.491451242305336967e-02 -2.989580565901818476e-02 -2.605509841965828952e-02 1.484725683095888989e-02 -2.313103196350994872e-02 1.440911411258208319e-02 -1.382095395200976309e-02 2.081080158673558750e-02 -1.318153147279153836e-02 1.891238474434530151e-02 -1.732178590487763389e-02 -1.253691477578195573e-02 1.596355536369160888e-02 1.190879655406291808e-02 1.478554324169059110e-02 1.130691995980129608e-02 1.375042667767082012e-02 -1.073498788046565663e-02 -1.283071490084893365e-02 1.019363228146299288e-02 9.681937013710357337e-03 1.200566488690467046e-02 1.125930002582072390e-02 9.198245406707560717e-03 -8.740591328328406809e-03 -1.057909459987244755e-02 -8.306934910884638743e-03 -9.955074905284052103e-03 9.379190094647459064e-03 7.895281803643999091e-03 8.844861890197603868e-03 7.503745789366496680e-03 -8.346656251828744530e-03 -7.130575454418999932e-03 6.774161961226510612e-03 -7.880039866666693413e-03 -7.441196729251286709e-03 6.433036921876004836e-03 7.026888098544823574e-03 6.105864692936764301e-03 -6.634344220982120108e-03 -5.791432357679692292e-03 -6.261179654925164845e-03 -5.488638681783502594e-03 5.905326356605603358e-03 5.196483230943150025e-03 5.564980288170527992e-03 -4.914055987413657421e-03 5.238558433189662022e-03 -4.640527728559148968e-03 -4.924663901284976469e-03 4.375141255111160421e-03 4.622057377456234399e-03 4.117203474356684843e-03 4.329633589748756173e-03 -3.866078299806733481e-03 4.046401777006334959e-03 -3.621180306416279387e-03 -3.771469367801098121e-03 3.381969071225596462e-03 -3.504028254053262979e-03 3.147944127933262250e-03 3.243343173698347032e-03 2.918640465967356403e-03 2.988741816829214564e-03 -2.693624509735293836e-03 -2.739606346955045322e-03 -2.472490518977668930e-03 2.254857357068475784e-03 -2.495366088806502680e-03 -2.040365579583130768e-03 2.255491181098839143e-03 2.019487029377123495e-03 -1.828674800816293671e-03 1.619461300493565351e-03 -1.786889423182815451e-03 1.412415837135063291e-03 -1.557260204841964119e-03 -1.207241638142198328e-03 1.330183395527437164e-03 -1.003652539896107915e-03 1.105261698888292468e-03 -8.013712536873492803e-04 -8.821133141401507572e-04 6.001277356808727703e-04 6.603689997764807234e-04 3.996576408811262568e-04 4.396693362971997856e-04 -1.997008425909002659e-04 2.196621419859766042e-04
7.523631254504858923e-02 -9.810978535153189184e-02 -7.296991928786469850e-02 4.862652155144639443e-02 4.344266060429470555e-02 1.084720134754399955e-02 3.299537637798233974e-02 2.439638263247616145e-08 2.711177270299091821e-02 4.504822251863548586e-03 -2.320024705027599193e-02 -6.603902367784116566e-03 -7.599390658913832489e-03 2.035702158674440251e-02 -8.031683769973501155e-03 1.816973048537461402e-02 -1.641915124399509832e-02 8.157703963703901925e-03 -1.497632967894857274e-02 8.110058359369828884e-03 -7.961729499670111565e-03 -1.375979031082421970e-02 7.754793708926201005e-03 1.271519038483204939e-02 7.514377487833537490e-03 1.180471379835393124e-02 7.255876876087049773e-03 -1.100113126929313720e-02 -6.988887759161851489e-03 1.028427686894417548e-02 9.638858862566023963e-03 6.719445370007539470e-03 6.451346155549309708e-03 9.053045848046637270e-03 -8.517522965016717171e-03 -6.186952147937603043e-03 -8.024844713405013610e-03 -5.927692690544385593e-03 5.674384499341069560e-03 7.568979274207069362e-03 5.427439436333753031e-03 7.144981569313586627e-03 -5.187001297550772327e-03 -6.748753802171054972e-03 6.376867269759322991e-03 -4.953037252545192635e-03 -4.725399308302760844e-03 6.026427712849518996e-03 4.503866056609473652e-03 5.694972185046962530e-03 -4.288171070542062986e-03 -5.380389078221260377e-03 -4.078022319381491463e-03 -5.080855409197185257e-03 3.873115351246453255e-03 4.794787125971580397e-03 3.673142202944873046e-03 -4.520799357327169414e-03 3.477797335301179536e-03 -4.257674333246359681e-03 -3.286781493968942910e-03 4.004335281926603950e-03 3.099804119988123878e-03 3.759825025383410711e-03 2.916584746890078707e-03 -3.523288299614261640e-03 2.736853690846160689e-03 -3.293957049767323210e-03 -2.560352250584883253e-03 3.071138118361050294e-03 -2.386832570429426974e-03 2.854202870788121425e-03 2.216057275228106374e-03 2.642578398353438371e-03 2.047798954309828622e-03 -2.435740012685724907e-03 -1.881839548926815412e-03 -2.233204802148655577e-03 2.034526065145095090e-03 -1.717969681704827533e-03 -1.839288469736820959e-03 1.555987954485793349e-03 1.395700233131088588e-03 -1.647103816383636062e-03 1.457607302064305513e-03 -1.236918931319942435e-03 1.270454201225450653e-03 -1.079462301200913819e-03 -1.085316892645240726e-03 9.231537355767116450e-04 -9.018821721820936789e-04 7.678210838772504343e-04 -7.198488000677500439e-04 -6.132959827102558645e-04 5.389252382871584455e-04 4.594132004021722745e-04 3.588275390079659040e-04 3.060099942253291711e-04 -1.792773492308498168e-04 1.529254783260306297e-04
-7.523684159929794335e-02 -9.810975023256732208e-02 4.862550555672148084e-02 -7.297006664850791413e-02 -1.084754270298273100e-02 -4.344267258990833214e-02 2.439638263247616145e-08 9.670046316325512370e-01 4.504940219614990936e-03 2.711174055594288423e-02 -6.603280315203080217e-03 -2.320026016163542759e-02 -2.035703775537033369e-02 7.599431623014110161e-03 -1.816975084992055595e-02 8.032103269196731385e-03 -8.157990578629516210e-03 1.641915544958742409e-02 -8.110163570331511279e-03 1.497631959719212570e-02 -1.375977167643804844e-02 -7.961689473357057636e-03 1.271516845903000736e-02 7.754662654059819166e-03 1.180469179598381095e-02 7.514207132705327807e-03 1.100111126042378588e-02 -7.255703675648468229e-03 -1.028426000310021446e-02 6.988734677437436794e-03 6.719324932739319418e-03 9.638845631098260508e-03 9.053036212388020781e-03 6.451263648436421361e-03 -6.186907468378656343e-03 -8.517516753504823790e-03 -5.927682868450398490e-03 -8.024841453180369538e-03 7.568978444819445678e-03 5.674404627650759571e-03 7.144982622129176543e-03 5.427483706229085068e-03 -6.748756205534165928e-03 -5.187063723821814555e-03 4.953112007283134131e-03 -6.376870541528059134e-03 -6.026431432682858788e-03 4.725481012469559365e-03 5.694975998931597720e-03 4.503949912483609652e-03 -5.380392698782830545e-03 -4.288252988114295457e-03 -5.080858611296560842e-03 -4.078098929168991367e-03 4.794789741966913078e-03 3.873183996144721059e-03 4.520801271251701295e-03 -3.673200905231916932e-03 4.257675474671071374e-03 -3.477844747634354933e-03 -4.004335619916530795e-03 3.286816840840509329e-03 3.759824562743097499e-03 3.099827134236719708e-03 3.523287067495098866e-03 -2.916595604270252017e-03 3.293955102677888647e-03 -2.736852944943429615e-03 -3.071135529573689165e-03 2.560340769461133623e-03 -2.854199728143767475e-03 2.386811476042143606e-03 2.642574800442117934e-03 2.216027886186088241e-03 2.435736065374727744e-03 -2.047762732357188628e-03 -2.233200615466834470e-03 -1.881798049404595713e-03 1.717924507969650297e-03 -2.034521750455108285e-03 -1.555940716387662530e-03 1.839284137224688268e-03 1.647099572819632615e-03 -1.395652509407794423e-03 1.236872235862413556e-03 -1.457603248825769908e-03 1.079418053093170659e-03 -1.270450432563304411e-03 -9.231132327496529210e-04 1.085313494176174016e-03 -7.677854803605451729e-04 9.018792196030636686e-04 -6.132662692966143114e-04 -7.198463580735815336e-04 4.593901886865595454e-04 5.389233596813338334e-04 3.059943039182469850e-04 3.588262639988593094e-04 -1.529175277977168541e-04 1.792767049093439995e-04
5.704381404175729031e-02 -8.572408257161796830e-02 -5.759738219636685586e-02 4.317273593006807492e-02 3.524908453173274808e-02 1.407429709527593421e-02 2.711177270299091821e-02 4.504940219614990936e-03 2.245579691121512081e-02 4.786669368161611376e-08 -1.932619706996855508e-02 -2.402737740871182821e-03 -3.760443480414752716e-03 1.703217112862900201e-02 -4.541881753099911642e-03 1.525540987913119768e-02 -1.382535382307658635e-02 4.983230716467149449e-03 -1.264101426953284819e-02 5.214360568748873000e-03 -5.311100507602069774e-03 -1.163822362100935467e-02 5.319814821267517500e-03 1.077397180729454916e-02 5.269885027995847154e-03 1.001819782834053804e-02 5.180482467638945071e-03 -9.349171324349682399e-03 -5.064424851486453057e-03 8.750741628836327876e-03 8.210622030277245006e-03 4.930448376173148656e-03 4.784599511257630472e-03 7.719277821814959917e-03 -7.269181667072638874e-03 -4.631112272644970565e-03 -6.854301473783531648e-03 -4.472977940880785118e-03 4.312320241092132064e-03 6.469738811005203150e-03 4.150650133490950584e-03 6.111468811486364325e-03 -3.989040207918255650e-03 -5.776149211067638581e-03 5.460977923697203466e-03 -3.828246402470881701e-03 -3.668794092212625084e-03 5.163585187284398109e-03 3.511039620679813622e-03 4.881950787094752574e-03 -3.355214784692825934e-03 -4.614339742341991117e-03 -3.201459269626197486e-03 -4.359251780349598059e-03 3.049844504524387451e-03 4.115381230759610626e-03 2.900391320339164910e-03 -3.881584890755554376e-03 2.753083098620865733e-03 -3.656856049952578527e-03 -2.607875608677015858e-03 3.440303322102446736e-03 2.464704393683991076e-03 3.231133261442282502e-03 2.323490330022443071e-03 -3.028635983454709604e-03 2.184143816161389275e-03 -2.832173188720853944e-03 -2.046567927659071525e-03 2.641168122333359750e-03 -1.910660788147369206e-03 2.455097102209093454e-03 1.776317343128157962e-03 2.273482326491178557e-03 1.643430676981273751e-03 -2.095885729217863199e-03 -1.511892979465686215e-03 -1.921903699002298514e-03 1.751162511034344733e-03 -1.381596242596786752e-03 -1.583314350490518064e-03 1.252432749324274225e-03 1.124295401548806774e-03 -1.418033827488580662e-03 1.255014901020132028e-03 -9.970779237533124173e-04 1.093968143159602729e-03 -8.706749704268597389e-04 -9.346182858661725460e-04 7.449821591471799623e-04 -7.767020014932969054e-04 6.198960462587125610e-04 -6.199658751478674679e-04 -4.953140585410362303e-04 4.641645326164777602e-04 3.711343912924626931e-04 3.090588919651943807e-04 2.472558812199254167e-04 -1.544145103321117635e-04 1.235778608451901478e-04
5.704349960337697090e-02 8.572410167175398277e-02 -4.317275748745272312e-02 5.759721899739243117e-02 1.407514687770220797e-02 3.524903332470146616e-02 4.504822251863548586e-03 2.711174055594288423e-02 4.786669368161611376e-08 9.775442295410865512e-01 2.403061846865542275e-03 1.932620452603968017e-02 1.703218347599456256e-02 -3.760015993960783703e-03 1.525542780598086040e-02 -4.541939321234192938e-03 4.983327232113659959e-03 -1.382536145427742946e-02 5.214414873490794133e-03 -1.264101211680726880e-02 1.163821556584687666e-02 5.311142380582381181e-03 -1.077396141565201484e-02 -5.319851128899715127e-03 -1.001818716677926012e-02 -5.269911295995427340e-03 -9.349161754587926795e-03 5.180498456636351522e-03 8.750733926447150021e-03 -5.064431701605557820e-03 -4.930447657206874987e-03 -8.210616546547280098e-03 -7.719274547980508987e-03 -4.784592479461707154e-03 4.631100674917914065e-03 7.269180528090625135e-03 4.472962780521082260e-03 6.854302172297367830e-03 -6.469741019391106983e-03 -4.312302558369212474e-03 -6.111472179061563925e-03 -4.150630786918723530e-03 5.776153394450795828e-03 3.989019875649982977e-03 -3.828225660348249810e-03 5.460982610678986188e-03 5.163590105010033675e-03 -3.668773410521926522e-03 -4.881955705522168787e-03 -3.511019377578446579e-03 4.614344474203362599e-03 3.355195269663037612e-03 4.359256178429898182e-03 3.201440701813743680e-03 -4.115385184804707178e-03 -3.049827041058035190e-03 -3.881588323677185367e-03 2.900375065229684676e-03 -3.656858913846825713e-03 2.753068111315417395e-03 3.440305594349199036e-03 -2.607861911898979451e-03 -3.231134941007819932e-03 -2.464691980481294870e-03 -3.028637087440090581e-03 2.323479169918897785e-03 -2.832173749177633020e-03 2.184133860514379799e-03 2.641168183337917492e-03 -2.046559114255447863e-03 2.455096717197073793e-03 -1.910653045150197821e-03 -2.273481555831947682e-03 -1.776310592399310507e-03 -2.095884638012841025e-03 1.643424836904644210e-03 1.921902355112463595e-03 1.511887967352955504e-03 -1.381591976656898740e-03 1.751160983288201165e-03 1.252429150345326248e-03 -1.583312707096010997e-03 -1.418032134617900220e-03 1.124292394266887844e-03 -9.970754379818246808e-04 1.255013221560892598e-03 -8.706729419849911639e-04 1.093966535620646613e-03 7.449805305767131115e-04 -9.346168034263810723e-04 6.198947674265414343e-04 -7.767006911910311279e-04 4.953130870833471989e-04 6.199647771991832410e-04 -3.711336929621603629e-04 -4.641636798544894037e-04 -2.472554301317360457e-04 -3.090583093964157898e-04 1.235776396514567607e-04 -1.544142148069773974e-04
-4.624941860719609943e-02 7.676460996410755522e-02 4.792496651061592394e-02 -3.831038412135603921e-02 -2.989576884439637885e-02 -1.491451242305336967e-02 -2.320024705027599193e-02 -6.603280315203080217e-03 -1.932619706996855508e-02 2.403061846865542275e-03 1.670162248860505155e-02 8.572303957903758769e-08 1.464178869496517545e-03 -1.476607416312573397e-02 2.386892249935723860e-03 -1.325955412545542188e-02 1.204198007737601606e-02 -2.976337900600609186e-03 1.103002556044261652e-02 -3.350254031808697595e-03 3.580028113317471148e-03 1.017053263543648244e-02 -3.710872453278370176e-03 -9.427744778561637090e-03 -3.772391889967913105e-03 -8.776591861455690022e-03 -3.784526942055566230e-03 8.198899728057939401e-03 3.761046616465093043e-03 -7.681125842346153351e-03 -7.212943218377198575e-03 -3.711651772750912143e-03 -3.643294366074439471e-03 -6.786320412946364802e-03 6.394904022912649075e-03 3.561027134848584151e-03 6.033593080799380497e-03 3.468568214547520373e-03 -3.368679758929438248e-03 -5.698237973351531413e-03 -3.263431018168793957e-03 -5.385423451699593821e-03 3.154381920210231737e-03 5.092309044531144989e-03 -4.816509833430313546e-03 3.042713777043394314e-03 2.929323769672012492e-03 -4.556006026673701907e-03 -2.814893876561903961e-03 -4.309073454672346717e-03 2.699941841630917275e-03 4.074229492141626455e-03 2.584859156151750933e-03 3.850190515754432514e-03 -2.469939686990303175e-03 -3.635838092126063899e-03 -2.355401403628135711e-03 3.430191852312235081e-03 -2.241402996538666235e-03 3.232387539776959001e-03 2.128056673930377781e-03 -3.041659100270730897e-03 -2.015438075545934130e-03 -2.857323957639558952e-03 -1.903593994858342924e-03 2.678770821454383270e-03 -1.792548423239919819e-03 2.505449521792490596e-03 1.682307300877298626e-03 -2.336862478370078672e-03 1.572862264929760813e-03 -2.172557495661279689e-03 -1.464193615864068428e-03 -2.012121640026403365e-03 -1.356272671003508996e-03 1.855176004345945309e-03 1.249063635673017389e-03 1.701371203905686523e-03 -1.550383477161047015e-03 1.142525093063167770e-03 1.401911288363849551e-03 -1.036611191421605129e-03 -9.312725905678170043e-04 1.255672347593745231e-03 -1.111400978302339981e-03 8.264572163907271196e-04 -9.688457741645507956e-04 7.221108620609098354e-04 8.277674963248695273e-04 -6.181776669015127739e-04 6.879371695518022960e-04 -5.146004977475815813e-04 5.491343417467677707e-04 4.113212530479769149e-04 -4.111454759663146687e-04 -3.082811062270233646e-04 -2.737624478250261250e-04 -2.054207021163815497e-04 1.367811240338114508e-04 -1.026803180899213863e-04
-4.624952062659057339e-02 -7.676461589622303461e-02 3.831068537633159493e-02 -4.792505232966627615e-02 -1.491342880392359030e-02 -2.989580565901818476e-02 -6.603902367784116566e-03 -2.320026016163542759e-02 -2.402737740871182821e-03 1.932620452603968017e-02 8.572303957903758769e-08 9.832983546697632304e-01 -1.476609585405440350e-02 1.464321611256057904e-03 -1.325957746426906052e-02 2.387045502723192901e-03 -2.976323276950060010e-03 1.204199369439906166e-02 -3.350128780256277517e-03 1.103003026377299620e-02 -1.017053176277489535e-02 -3.579930064981406805e-03 9.427741265928466646e-03 3.710834532054681657e-03 8.776587396127417950e-03 3.772398524924619120e-03 8.198895446561712402e-03 -3.784562828750991006e-03 -7.681122426682856011e-03 3.761098595564186121e-03 3.711709721163837516e-03 7.212941021636908902e-03 6.786319503848997105e-03 3.643350459014248546e-03 -3.561077304066571133e-03 -6.394904419426205439e-03 -3.468609309091669028e-03 -6.033594618167086726e-03 5.698240456982393148e-03 3.368710576304737893e-03 5.385426661553485185e-03 3.263451443084539223e-03 -5.092312758716098509e-03 -3.154392514796211522e-03 3.042715651246735448e-03 -4.816513847511073171e-03 -4.556010160456685359e-03 2.929318324197040507e-03 4.309077555542950751e-03 2.814882657432178029e-03 -4.074233435447612885e-03 -2.699926380266788606e-03 -3.850194203303761772e-03 -2.584840905954663860e-03 3.635841450291762544e-03 2.469919965301444354e-03 3.430194829580590112e-03 -2.355381357527644350e-03 3.232390104129888656e-03 -2.241383585991642800e-03 -3.041661236602144752e-03 2.128038667411768711e-03 2.857325665296903475e-03 2.015422054552333791e-03 2.678772111938488697e-03 -1.903580364542654078e-03 2.505450416631700705e-03 -1.792537427145779114e-03 -2.336863007163449742e-03 1.682299038250839726e-03 -2.172557694294966445e-03 1.572856709468493366e-03 2.012121549047188752e-03 1.464190635038523265e-03 1.855175667483859340e-03 -1.356272045372251475e-03 -1.701370666750617400e-03 -1.249065077740053485e-03 1.142528265288615804e-03 -1.550382785957040441e-03 -1.036615723233452573e-03 1.401910488941480754e-03 1.255671484418522527e-03 -9.312780941545391019e-04 8.264633011895443793e-04 -1.111400093634877431e-03 7.221171478690739578e-04 -9.688449073245904153e-04 -6.181837955360823360e-04 8.277666830515550576e-04 -5.146061432777046139e-04 6.879364414584467242e-04 -4.113261305394205801e-04 -5.491337258626506276e-04 3.082849790267229505e-04 4.111449943592914726e-04 2.054233876598502806e-04 2.737621173028480302e-04 -1.026816922540485467e-04 1.367809559221583261e-04
-3.902671062497959503e-02 -6.979852863347490999e-02 3.428103675025891833e-02 -4.117532733147223623e-02 -1.484633865118697819e-02 -2.605509841965828952e-02 -7.599390658913832489e-03 -2.035703775537033369e-02 -3.760443480414752716e-03 1.703218347599456256e-02 1.464178869496517545e-03 -1.476609585405440350e-02 9.869129278969130947e-01 9.438152116966448504e-08 -1.177521160082349062e-02 9.692675342892289637e-04 -1.624988548785790202e-03 1.071152850325440831e-02 -2.072210275464902302e-03 9.825015613352821101e-03 -9.070231678372073572e-03 -2.376144245675764627e-03 8.416526471941932278e-03 2.578891511962909389e-03 7.842357262061347770e-03 2.708653893059171855e-03 7.332073068154899842e-03 -2.784867006927266818e-03 -6.873988122797571737e-03 2.821231732774980017e-03 2.827600805041676976e-03 6.459174947152401466e-03 6.080678668268531609e-03 2.811180832040743524e-03 -2.777321962661530915e-03 -5.732988961857721569e-03 -2.730044604739693698e-03 -5.411675082304634801e-03 5.113127743064191204e-03 2.672404665566893451e-03 4.834372521528860871e-03 2.606746132075758379e-03 -4.572932549503541666e-03 -2.534881580373327201e-03 2.458222360444038690e-03 -4.326725783253386644e-03 -4.093986985478570255e-03 2.377873602570166039e-03 3.873207693625509065e-03 2.294704657389725396e-03 -3.663089460633298013e-03 -2.209401754879002349e-03 -3.462507031526521062e-03 -2.122507889238021365e-03 3.270479048153210767e-03 2.034453210963274496e-03 3.086144524228497284e-03 -1.945578428651628189e-03 2.908743789641978633e-03 -1.856152958720827355e-03 -2.737602929575368507e-03 1.766389102624058060e-03 2.572120980648816280e-03 1.676453194212055133e-03 2.411759319837924673e-03 -1.586474418099942949e-03 2.256032810466699224e-03 -1.496551824903953999e-03 -2.104502365876178595e-03 1.406759941128800590e-03 -1.956768664135834224e-03 1.317153276918669796e-03 1.812466802647570360e-03 1.227769964615973985e-03 1.671261724208892565e-03 -1.138634708148395305e-03 -1.532844279122704987e-03 -1.049761183467800814e-03 9.611539998692949626e-04 -1.396927813720410562e-03 -8.728103087355574240e-04 1.263245195935382148e-03 1.131546204540426464e-03 -7.847211283980872441e-04 6.968724399098626251e-04 -1.001595221318912505e-03 6.092460977604064604e-04 -8.731691755448509279e-04 -5.218205911664616911e-04 7.460556982044200865e-04 -4.345716850198541787e-04 6.200514498333868380e-04 -3.474729644044289114e-04 -4.949605909830186168e-04 2.604963026377749014e-04 3.705933684212139000e-04 1.736122696658020216e-04 2.467647933988125343e-04 -8.679049529966671934e-05 1.232933908141397715e-04
3.902659954759921807e-02 -6.979851639770777438e-02 -4.117522682552653829e-02 3.428073710318888662e-02 2.605505593420802402e-02 1.484725683095888989e-02 2.035702158674440251e-02 7.599431623014110161e-03 1.703217112862900201e-02 -3.760015993960783703e-03 -1.476607416312573397e-02 1.464321611256057904e-03 9.438152116966448504e-08 1.308705223401648854e-02 -9.695165884567703103e-04 1.177519073023431534e-02 -1.071151562871145053e-02 1.624906372276019220e-03 -9.825010071784510968e-03 2.072172344540057238e-03 -2.376120992708717974e-03 -9.070230760285428670e-03 2.578870837873384423e-03 8.416527832570869921e-03 2.708645743598693013e-03 7.842359567932574368e-03 2.784869426755653965e-03 -7.332075413839416259e-03 -2.821240275191297300e-03 6.873989955021846815e-03 6.459175966978414167e-03 2.827611350327319945e-03 2.811191086523051521e-03 6.080678800487881661e-03 -5.732988166685625865e-03 -2.777329464041854244e-03 -5.411673467988581572e-03 -2.730048971021711932e-03 2.672405721587319070e-03 5.113125442847118833e-03 2.606744136499303428e-03 4.834369691243628996e-03 -2.534877138608393476e-03 -4.572929349062319730e-03 4.326722361211330671e-03 -2.458216127172520391e-03 -2.377866245120127068e-03 4.093983473569109098e-03 2.294696777398066642e-03 3.873204203929704603e-03 -2.209393909180317004e-03 -3.663086085150871456e-03 -2.122500549664772286e-03 -3.462503843171755961e-03 2.034446759960893344e-03 3.270476102081617924e-03 1.945573159454457588e-03 -3.086141859594881097e-03 1.856149078838567699e-03 -2.908741431487610676e-03 -1.766386739653225601e-03 2.737600890691381950e-03 1.676452403148003846e-03 2.572119263348141786e-03 1.586475189531419590e-03 -2.411757917611328118e-03 1.496554093644194595e-03 -2.256031709512019805e-03 -1.406763594917711342e-03 2.104501546505695674e-03 -1.317158164989692178e-03 1.956768102057269108e-03 1.227775905952044246e-03 1.812466470133256534e-03 1.138641499295672647e-03 -1.671261591156894977e-03 -1.049768605836725373e-03 -1.532844314006429802e-03 1.396927984455257829e-03 -9.611618265277400031e-04 -1.263245470644951693e-03 8.728183106063307261e-04 7.847290798985349057e-04 -1.131546552239127241e-03 1.001595612514090752e-03 -6.968801240164629882e-04 8.731695827642951824e-04 -6.092533105101418257e-04 -7.460560964546243852e-04 5.218271456254504901e-04 -6.200518169900383824e-04 4.345774147016604459e-04 -4.949609081187188045e-04 -3.474777261843547895e-04 3.705936200758361168e-04 2.604999791542698452e-04 2.467649677933929624e-04 1.736147712368205228e-04 -1.232934800099678226e-04 8.679176134801481427e-05
-3.381375894420675376e-02 -6.413056802794085687e-02 3.094944432721969882e-02 -3.614684647816083368e-02 -1.440880343247973733e-02 -2.313103196350994872e-02 -8.031683769973501155e-03 -1.816975084992055595e-02 -4.541881753099911642e-03 1.525542780598086040e-02 2.386892249935723860e-03 -1.325957746426906052e-02 -1.177521160082349062e-02 -9.695165884567703103e-04 9.893881438848429744e-01 5.609492722391686563e-08 -6.790213326152114452e-04 9.666116626533568720e-03 -1.161380438935879231e-03 8.876120600579231676e-03 -8.202177023153213453e-03 -1.505871004336353314e-03 7.617456679446647262e-03 1.751060436638171179e-03 7.103066002037514148e-03 1.923219619099274767e-03 6.645254485949337805e-03 -2.040745151490020674e-03 -6.233738807388158019e-03 2.116804369305579081e-03 2.161007080391231811e-03 5.860651228940905004e-03 5.519854017011490560e-03 2.180484604405873335e-03 -2.180607481999239337e-03 -5.206478021287007374e-03 -2.165469794802142231e-03 -4.916603351185885352e-03 4.647033257968711563e-03 2.138228819678089556e-03 4.395130489471685969e-03 2.101342453043814670e-03 -4.158696736137431314e-03 -2.056740658215728060e-03 2.005950342361489686e-03 -3.935882343335857930e-03 -3.725117675862736014e-03 1.950187401128213038e-03 3.525060255972843181e-03 1.890425612084977369e-03 -3.334553551982064740e-03 -1.827448623111690030e-03 -3.152594496022244862e-03 -1.761889696146541444e-03 2.978307621302588720e-03 1.694262275778062694e-03 2.810924277201847649e-03 -1.624983742945871256e-03 2.649765780302398323e-03 -1.554394008893197334e-03 -2.494229645456227679e-03 1.482770175469873232e-03 2.343778248374442895e-03 1.410338171811981439e-03 2.197929423408625377e-03 -1.337282048862396952e-03 2.056248613012915272e-03 -1.263751446712935980e-03 -1.918342269939484791e-03 1.189867627072337683e-03 -1.783852277162420669e-03 1.115728371954403551e-03 1.652451199307060315e-03 1.041411981558656953e-03 1.523838216948312629e-03 -9.669805525875139291e-04 -1.397735624205569604e-03 -8.924826791925740332e-04 8.179556886836378791e-04 -1.273885792771708081e-03 -7.434275010177271523e-04 1.152048523373683069e-03 1.031998719753754977e-03 -6.689181832045779270e-04 5.944412558193752551e-04 -9.135243314205157908e-04 5.200047979222527025e-04 -7.964245203403114235e-04 -4.456123881593400263e-04 6.805080138530372313e-04 -3.712639131137556543e-04 5.655916117861778695e-04 -2.969562686939690595e-04 -4.514988202822055969e-04 2.226839762486768916e-04 3.380585884723505147e-04 1.484397318724066384e-04 2.251041269806744070e-04 -7.421490493353110902e-05 1.124717894556693355e-04
